- model: models.sale
  pk: 1
  fields:
    created_at: 2023-05-08 04:29:16.828027+00:00
    updated_at: 2023-05-08 04:29:16.828064+00:00
    hash: '-7486284540269861255'
    name: Regálale Levi´s a mamá
    disscount: 50.0
    start_date: 2023-05-08 04:27:52+00:00
    end_date: 2023-05-14 04:27:52+00:00
    banner: 10074
    company: 1
- model: models.sale
  pk: 2
  fields:
    created_at: 2023-05-08 04:32:20.155430+00:00
    updated_at: 2023-05-08 04:32:20.155487+00:00
    hash: '5860645649151894719'
    name: Calzado adidas descuento
    disscount: 30.0
    start_date: 2023-05-11 04:31:39+00:00
    end_date: 2023-05-14 04:31:39+00:00
    banner: 10075
    company: 2
